1 237.485289332
2 210.353364127
3 214.347790051
4 205.728994964
5 209.754183063
6 210.921648545
7 209.2907919
8 211.86668586
9 229.190875795
10 222.072902137
11 212.857013185
12 235.614190855
13 234.397512048
14 233.356987516
15 234.046986128
16 231.170701185
17 232.145865314
18 249.115447065
19 232.322242993
20 238.089443851
21 217.818071286
22 239.627784133
23 233.050288165
24 243.54324263
25 241.351202728
26 251.439110985
27 242.341678358
28 247.089987976
29 251.446692713
30 252.42121199
31 250.976226707
32 247.234313018
33 238.812413226
34 240.7471023
35 252.032761316
36 246.308087935
37 234.920267461
38 227.696381317
39 233.406953135
40 244.194810399
41 233.017321567
42 240.771205503
43 229.007554422
44 251.328957089
45 228.363343901
46 230.044908389
47 216.253133822
48 224.710504742
49 228.386731313
50 219.503642139
51 206.53884551
52 167.279158194
53 225.739204248
54 224.591257427
55 209.744028925
56 227.972404031
57 203.769874665
58 208.811893384
59 216.768752055
60 218.890240306
61 206.899966557
62 209.344525688
63 232.87732097
64 213.202059101
65 219.791677983
66 236.141412736
67 238.336852787
68 234.297400935
69 221.435870371
70 238.409882818
71 231.517008629
72 241.133750104
73 245.277629352
74 271.81087767
75 241.748092381
76 248.401535359
77 244.061503066
78 250.090027097
79 258.890122023
80 254.357132974
81 257.799326398
82 247.779534209
83 262.896717664
84 246.799524031
85 244.847934948
86 237.723169771
87 247.826359385
88 248.978419478
89 239.249559184
90 244.446548032
91 237.43209469
92 256.383006964
93 231.173246778
94 234.404851976
95 230.514780162
96 235.368252868
97 214.368498225
98 220.421599566
99 212.908723314
100 192.54767049
101 201.481307096
102 223.748643311
103 214.503804994
104 181.676865027
105 247.74036261
106 209.517070307
107 199.135224709
108 187.686868655
109 208.67589709
110 195.674266403
111 195.961264695
112 209.393728391
113 211.386147044
114 198.740387619
115 227.98552904
116 213.983399169
117 218.585012007
118 221.040954757
119 228.927655632
120 227.669197925
121 232.193277772
122 224.556213553
123 232.442779496
124 234.17733737
125 234.683684568
126 230.149532885
127 234.217842834
128 239.19926276
129 231.102557387
130 234.095016146
131 238.3518635
132 240.030319364
133 240.70822797
134 235.691465936
135 248.286136185
136 244.165028608
137 248.16387456
138 250.850981311
139 243.971191514
140 243.617770847
141 248.7406277
142 239.700078509
143 227.775289416
144 231.411983302
145 244.778773137
146 244.379571083
147 236.829651634
148 235.247213278
149 221.20680867
150 218.587660383
151 227.137170316
152 205.063802852
153 218.185930141
154 197.980661194
155 197.187009128
156 181.078988886
157 231.649381508
158 186.74299739
159 208.00609062
160 197.636222414
161 184.904001088
162 199.747908578
163 202.841473181
164 208.281761746
165 219.341620259
166 224.72452919
167 217.443753387
168 216.483595581
169 233.437707689
170 228.43274513
171 223.277404485
172 217.047737434
173 224.505451092
174 218.461612061
175 230.975689796
176 229.864631034
177 237.796546331
178 229.412686976
179 246.983285882
180 237.036747102
181 234.751204235
182 226.958938905
183 240.234433442
184 243.144288004
185 248.716418143
186 225.904128176
187 247.077816048
188 241.092435954
189 231.774131863
190 235.126101209
191 240.359887041
192 252.113796217
193 235.142630209
194 236.21148701
195 237.615757061
196 225.573174443
197 221.371844973
198 221.292786739
199 232.083725605
200 241.441970746
201 216.933447369
202 216.752079298
203 226.63228785
204 189.584463899
205 207.945092499
206 205.039398249
207 187.518269253
208 165.177248774
209 233.12173385
210 182.644812321
211 198.233876675
212 168.464021657
213 191.726671957
214 198.52896987
215 199.650328331
216 201.916020535
217 202.473348671
218 214.904261778
219 195.756963161
220 213.575377279
221 198.089277138
222 221.585774918
223 236.952061217
224 227.731538011
225 217.386174979
226 224.741081532
227 227.543507669
228 228.541736839
229 228.217249011
230 224.094506454
231 233.821736018
232 231.064591026
233 237.517162315
234 231.165523068
235 239.653521562
236 237.947786384
237 248.14957215
238 232.906715971
239 224.727525978
240 245.635374523
241 234.868936098
242 226.211776548
243 236.704399433
244 239.013042813
245 236.875976532
246 227.30682451
247 227.422773125
248 228.40879503
249 229.695587618
250 218.785656606
251 222.992956944
252 209.952546986
253 234.97019306
254 216.624941241
255 204.839435299
256 188.784411937
257 199.356895292
258 169.600729482
259 185.603533234
260 176.864320512
261 227.223954948
262 202.223640701
263 204.266841165
264 200.558674833
265 201.577746718
266 208.057587809
267 197.124153536
268 179.459141828
269 200.764138525
270 209.455101203
271 206.990036244
272 202.272453839
273 205.922028362
274 220.427739284
275 213.428919904
276 213.70571088
277 221.775637032
278 207.333722179
279 225.907751896
280 217.101149573
281 221.25889133
282 228.349913151
283 236.510336025
284 222.821417468
285 229.301754839
286 227.467037202
287 232.153392822
288 233.191172491
289 229.590688512
290 234.718463941
291 237.641922272
292 235.110790862
293 231.412133783
294 220.663940634
295 226.573567747
296 228.308173082
297 222.590843534
298 216.132661389
299 212.82675423
300 216.035508026
301 221.161820063
302 205.445854553
303 212.001779907
304 207.636191474
305 222.173011907
306 206.476026063
307 201.694346328
308 199.777127616
309 186.265427932
310 174.770708708
311 213.591900275
312 196.812287634
313 179.75509844
314 225.317425685
315 196.280269001
316 183.316996968
317 182.354344825
318 170.355084805
319 161.880538304
320 157.610203222
321 189.697669527
322 195.40103924
323 194.307693394
324 209.158392306
325 208.411041766
326 215.182113247
327 190.628266475
328 206.86244099
329 221.000942112
330 208.168164838
331 224.026848283
332 218.812982206
333 221.723248596
334 223.257422418
335 237.296235306
336 216.166304718
337 230.623591474
338 227.869946324
339 229.196304828
340 229.893261467
341 226.099930081
342 228.218419821
343 230.092909701
344 229.173718231
345 222.398054914
346 216.804468299
347 216.745818162
348 231.10252904
349 229.68413675
350 210.664530585
351 225.395999283
352 221.938455016
353 227.777619207
354 214.826008451
355 225.411301754
356 205.522242526
357 226.506911147
358 198.11450994
359 203.514126122
360 176.320778794
361 189.625468738
362 168.71079195
363 181.908576561
364 183.251279497
365 167.538913218
366 208.079916966
367 200.661881488
368 181.412071697
369 165.60123702
370 166.204919169
371 168.901507014
372 168.401127512
373 173.36484484
374 185.989021365
375 183.445409174
376 198.616478388
377 173.125480523
378 192.756760218
379 205.423008973
380 185.059567079
381 208.786034373
382 207.294835185
383 198.949599545
384 206.612838512
385 207.192427278
386 211.25979949
387 215.791844801
388 215.858112102
389 217.387535608
390 204.614650343
391 208.938207072
392 215.041182405
393 219.415562807
394 218.691859136
395 227.194884182
396 228.731994108
397 216.076738168
398 225.402283167
399 225.936045039
400 216.370425734
401 214.033792853
402 199.687343531
403 220.649987596
404 215.711735793
405 195.658835634
406 213.589675145
407 210.391825539
408 197.900016704
409 210.140963924
410 188.866055478
411 189.687390186
412 181.505891098
413 180.154554655
414 171.99586954
415 173.864783523
416 150.500656466
417 139.963510416
418 204.431714722
419 161.166690631
420 151.378894186
421 161.946153261
422 169.151174139
423 173.706293784
424 179.841576418
425 170.277018104
426 173.71982618
427 181.496509981
428 193.543167281
429 195.805831809
430 189.717849254
431 185.88914116
432 183.023477706
433 186.910950057
434 191.629488295
435 191.709631522
436 196.090146115
437 193.563470654
438 197.988331415
439 193.109668353
440 195.636254234
441 197.131544636
442 191.687107674
443 205.055814474
444 199.457225993
445 197.72781972
446 194.322422885
447 197.192302621
448 203.949152047
449 199.352695192
450 206.581666386
451 199.765970333
452 189.4351678
453 196.174520346
454 193.631384641
455 192.246593713
456 195.314051716
457 177.603212486
458 181.789148127
459 181.598080384
460 189.776837641
461 190.036052397
462 185.954512512
463 188.159502254
464 178.855348489
465 161.62420335
466 172.440898389
467 155.415276137
468 166.749386552
469 134.452233072
470 167.944148053
471 148.32016074
472 172.359002852
473 169.973206215
474 153.68387154
475 162.320896127
476 147.292776535
477 161.487879436
478 157.327200987
479 174.535505024
480 184.484253251
481 182.614970968
482 183.691471594
483 181.930245279
484 177.554909611
485 185.750723906
486 176.855270147
487 186.508472381
488 186.468501745
489 180.682422281
490 182.984467654
491 185.791441413
492 181.009134842
493 180.767291784
494 180.666799084
495 182.13834631
496 187.533451267
497 182.297278274
498 182.615796876
499 181.959425235
500 182.54218532
501 182.819715954
502 184.688902689
503 186.328235789
504 185.981655514
505 184.660732818
506 180.500479744
507 178.75496924
508 183.338350213
509 174.2925458
510 184.117745282
511 179.360689292
512 175.288380579
513 172.881696809
514 168.974432088
515 173.900641178
516 163.351622875
517 145.438439527
518 152.627551533
519 137.177304847
520 139.802658256
521 127.738206748
522 162.178130671
523 150.161759137
524 153.743607426
525 143.223723668
526 147.195274579
527 108.388216797
528 135.43190929
529 157.535333509
530 145.56815524
531 153.941145304
532 161.423962157
533 170.183365643
534 158.993666388
535 169.126183109
536 176.255716142
537 170.581189916
538 150.464299193
539 170.708657048
540 172.271334431
541 174.278253506
542 171.554919038
543 164.858111939
544 191.598476953
545 179.150011653
546 183.442320823
547 181.141191027
548 182.645951675
549 187.764468437
550 188.565259739
551 177.841346959
552 181.33594171
553 188.309918692
554 170.465009889
555 177.623808383
556 175.90308888
557 181.80946431
558 168.008702106
559 169.873285114
560 168.945688924
561 166.070689358
562 168.828342453
563 163.175361575
564 159.653891802
565 170.194120948
566 170.426086233
567 153.215178893
568 159.026378772
569 148.761825123
570 159.651824093
571 145.402585476
572 153.465103439
573 143.838350664
574 168.971138692
575 141.491374058
576 139.482421347
577 126.957703929
578 152.341756826
579 154.784720057
580 135.15403643
581 146.611115091
582 137.994757327
583 150.402088657
584 153.968338047
585 169.390499053
586 169.243685802
587 157.197474304
588 149.999865373
589 157.528700979
590 152.058221879
591 153.825807828
592 165.143820099
593 163.17167228
594 163.572339821
595 164.976534382
596 173.762379524
597 173.800719806
598 176.825975654
599 183.200528261
600 173.346198092
601 180.724124549
602 182.03864407
603 170.049762312
604 170.944806531
605 172.421593335
606 158.9395198
607 161.890469039
608 164.10032795
609 167.231341743
610 159.08369118
611 154.882871488
612 150.345605764
613 151.71361215
614 152.039363349
615 151.764459917
616 155.520295262
617 150.030265168
618 148.389611057
619 149.625478113
620 145.787641478
621 139.945500563
622 153.419401953
623 145.000626036
624 143.671156031
625 135.686062022
626 119.591125594
627 158.337531737
628 139.214973765
629 141.49443174
630 131.072472898
631 139.860940732
632 136.355820658
633 135.956810888
634 129.872372897
635 139.783116467
636 136.959278665
637 146.145319746
638 139.271750052
639 141.491143258
640 149.848295116
641 146.861205301
642 139.545763542
643 148.345425769
644 158.369419841
645 150.784271145
646 163.333164189
647 152.03983832
648 154.627132156
649 152.502261345
650 154.734331807
651 160.756328074
652 152.530012802
653 161.502037345
654 154.222082698
655 158.335864231
656 160.298858601
657 157.262279737
658 159.716123751
659 155.495381277
660 156.830031218
661 155.93669236
662 152.252284237
663 145.576314906
664 141.920330183
665 147.007846629
666 147.329851309
667 141.400122296
668 135.502720097
669 128.763481994
670 148.673302033
671 135.734675263
672 132.001483743
673 134.532719721
674 127.769097504
675 127.195469583
676 111.4521183
677 131.832876136
678 108.649512216
679 119.008167567
680 97.8058474934
681 120.071943547
682 110.13911856
683 116.206930001
684 110.090873298
685 110.884465562
686 115.063911334
687 114.695701231
688 114.376801321
689 129.259715924
690 129.725140996
691 126.085404078
692 133.245112129
693 137.256343739
694 132.172260444
695 129.616251768
696 136.187846723
697 140.37591115
698 142.716509344
699 137.776748379
700 145.007631609
701 144.793103515
702 143.486277046
703 148.21375536
704 148.187133235
705 151.265768433
706 150.153182752
707 144.062508596
708 146.854123945
709 151.580137208
710 146.452265875
711 143.968935326
712 142.920540282
713 140.658941931
714 142.366814916
715 125.3388909
716 138.700076065
717 142.680030796
718 137.297717151
719 126.992642502
720 132.415846428
721 134.244845339
722 139.046646532
723 127.554993352
724 119.926642596
725 115.783904049
726 109.250469783
727 120.816378749
728 118.429956905
729 121.398577498
730 106.27594337
731 132.484682047
732 92.8325462264
733 118.300101108
734 127.6565194
735 115.740899104
736 104.200435894
737 107.541043841
738 100.466426578
739 105.958917945
740 114.08477442
741 132.779102132
742 124.995928358
743 115.283530282
744 130.301965924
745 118.13171952
746 130.467897665
747 122.184963996
748 126.854866192
749 129.414961252
750 136.968916527
751 129.651846697
752 129.181189028
753 136.822348516
754 135.91697143
755 129.78696379
756 130.176809284
757 140.907653621
758 125.110265656
759 130.763752319
760 139.606220458
761 141.493310677
762 134.687238286
763 138.112692338
764 137.963531156
765 129.730299982
766 144.46222885
767 124.082110003
768 131.812230345
769 131.916185752
770 124.338220312
771 126.735190449
772 123.790804338
773 133.070902062
774 127.77716068
775 126.447554055
776 117.192957739
777 108.425401969
778 104.803442444
779 120.987939765
780 114.798214583
781 115.878765975
782 106.333316107
783 120.168916082
784 109.51881458
785 103.917487127
786 104.512547919
787 118.646872694
788 115.699661879
789 96.1111967832
790 111.85287993
791 110.369015154
792 115.835139897
793 120.662418449
794 123.607608705
795 118.014159492
796 123.839743951
797 115.264656809
798 121.229529594
799 122.299928674
800 119.949320664
801 124.80530993
802 123.612213025
803 130.594826867
804 132.552147473
805 138.511895374
806 130.007156587
807 135.372575189
808 133.710028984
809 139.186362962
810 135.319345119
811 126.996545054
812 130.437649456
813 135.437639957
814 135.738162684
815 129.076122081
816 134.501073416
817 130.549972121
818 139.649780541
819 127.997000259
820 131.077346272
821 129.022689408
822 119.813354995
823 124.184044681
824 123.381201672
825 126.309104549
826 125.555929397
827 132.965072917
828 116.38762344
829 118.009032197
830 110.996192292
831 117.845147121
832 102.544163791
833 96.2568649863
834 106.030366533
835 133.214456267
836 103.706093958
837 115.062652105
838 121.620834341
839 118.723793773
840 118.050496963
841 116.057526713
842 119.722248454
843 109.529759977
844 109.760083934
845 109.945115322
846 102.14590801
847 115.323346941
848 119.567861684
849 115.484007674
850 124.23885763
851 123.516681672
852 121.839711309
853 122.474920307
854 120.04493534
855 130.723227142
856 129.478403212
857 137.762096424
858 130.31072321
859 130.357818736
860 131.603802221
861 130.679579077
862 135.91018196
863 131.871540469
864 129.798373261
865 133.23419373
866 138.71840636
867 129.100560883
868 131.741919184
869 125.871029636
870 127.828798891
871 118.865466919
872 123.868145714
873 130.050381349
874 125.685231543
875 119.386410283
876 113.24606597
877 127.246073847
878 118.945604441
879 123.890116661
880 112.140707283
881 115.900522678
882 110.097732174
883 124.908259128
884 114.245809234
885 118.374903014
886 112.269021513
887 87.3931958053
888 100.25172886
889 103.858174532
890 104.423290022
891 113.575609453
892 101.838727639
893 89.0153380326
894 101.682973499
895 107.207018742
896 106.804254118
897 104.426695397
898 115.554447658
