1 108.660408015
2 112.514369617
3 116.858115384
4 106.991068453
5 120.089862551
6 108.223663652
7 111.717998955
8 115.736492271
9 114.797040956
10 120.924326407
11 127.67407037
12 126.857567847
13 132.846076432
14 130.808975797
15 134.12078756
16 132.605897668
17 130.47379461
18 140.404835647
19 141.12804146
20 139.443635409
21 137.705726677
22 150.514235679
23 138.997986482
24 150.01614222
25 144.513076323
26 151.028089678
27 150.785511781
28 147.354356315
29 143.117709822
30 148.400154285
31 150.031968289
32 147.791632698
33 142.890512711
34 142.971027628
35 146.243651277
36 133.68569628
37 125.662300859
38 140.357117619
39 143.31633633
40 134.045127544
41 126.203534275
42 134.245331058
43 136.395383733
44 137.48315566
45 125.51672648
46 115.011830771
47 115.111012175
48 115.497959026
49 117.36024169
50 119.711769892
51 119.434244735
52 104.65959831
