1 129.662894443
2 130.497896965
3 135.450266435
4 124.704054193
5 140.185014295
6 125.759757222
7 128.971520262
8 134.064383186
9 134.001735965
10 140.395404832
11 147.804732824
12 147.009373434
13 154.133334586
14 151.326753109
15 154.343812485
16 152.613021697
17 150.574914742
18 163.391995525
19 162.399256232
20 160.54372786
21 158.445804837
22 172.75287378
23 159.808167897
24 172.588202068
25 165.614859951
26 173.500594599
27 171.971328658
28 168.224821802
29 163.063063294
30 168.643399144
31 171.693644271
32 168.828088648
33 163.384552563
34 163.974198201
35 167.504032006
36 152.840711044
37 144.597189042
38 160.678550407
39 163.859795196
40 154.872705619
41 144.605703742
42 154.107798245
43 156.034558207
44 159.086297164
45 144.334185531
46 132.904778056
47 133.601971263
48 134.243593647
49 135.767639713
50 138.720170681
51 138.441359203
52 121.668355197
