1 9.84532726822e-05
2 8.52378199648e-05
3 8.69813590751e-05
4 8.35728264457e-05
5 8.5890648839e-05
6 8.5650449835e-05
7 8.50744177471e-05
8 8.61065692135e-05
9 9.37758789776e-05
10 9.05595589086e-05
11 8.69175464157e-05
12 9.55061286841e-05
13 9.56011660455e-05
14 9.44716476021e-05
15 9.52414606914e-05
16 9.33529126198e-05
17 9.3765237975e-05
18 0.000100972742414
19 9.40552892829e-05
20 9.616455034e-05
21 8.8289450773e-05
22 9.76875295463e-05
23 9.44164123739e-05
24 9.84178603126e-05
25 9.72703773622e-05
26 0.000101163047908
27 9.75515957157e-05
28 9.94564360208e-05
29 0.000101149151169
30 0.000101527383271
31 0.000101364882341
32 9.99618746143e-05
33 9.5992463035e-05
34 9.67322988822e-05
35 0.000101426220571
36 9.90523553195e-05
37 9.51283468069e-05
38 9.16551552846e-05
39 9.41251281434e-05
40 9.87495556159e-05
41 9.37942179879e-05
42 9.70340708666e-05
43 9.26893169144e-05
44 0.000101782836991
45 9.24666611984e-05
46 9.31506927188e-05
47 8.78246880078e-05
48 9.14601242216e-05
49 9.22821237019e-05
50 8.91586445891e-05
51 8.41555798204e-05
52 6.81976020719e-05
53 9.35411132391e-05
54 9.13226926225e-05
55 8.52478662689e-05
56 9.26391602008e-05
57 8.35041168568e-05
58 8.49987784408e-05
59 8.81280796849e-05
60 8.88404392074e-05
61 8.49459034492e-05
62 8.50889460923e-05
63 9.47687045627e-05
64 8.69407540834e-05
65 8.96030328107e-05
66 9.65535650861e-05
67 9.65070056533e-05
68 9.45335125756e-05
69 9.00215933245e-05
70 9.68812830697e-05
71 9.40584918524e-05
72 9.82255539907e-05
73 9.9620455702e-05
74 0.000111206146311
75 9.84175372794e-05
76 0.000101281439532
77 9.87214350125e-05
78 0.000100899940124
79 0.000105236971049
80 0.000102702004016
81 0.000104046806481
82 9.98876824374e-05
83 0.000106522875626
84 9.91052694298e-05
85 9.8718220244e-05
86 9.54972783208e-05
87 0.000100063149256
88 0.000100681689123
89 9.66669102956e-05
90 9.8576202093e-05
91 9.56269557091e-05
92 0.00010416836958
93 9.36202820364e-05
94 9.49663964192e-05
95 9.34071893411e-05
96 9.59567676428e-05
97 8.71508981161e-05
98 8.93577415693e-05
99 8.66782013055e-05
100 7.89045874898e-05
101 8.26176607966e-05
102 9.09577846597e-05
103 8.77138103672e-05
104 7.4537732647e-05
105 0.000102660822887
106 8.55952934528e-05
107 8.15359741906e-05
108 7.6896068439e-05
109 8.53954740651e-05
110 7.99986022682e-05
111 8.0325464044e-05
112 8.54264999646e-05
113 8.68261929825e-05
114 8.16096050103e-05
115 9.30662911753e-05
116 8.74826458662e-05
117 8.94189852186e-05
118 9.09862461649e-05
119 9.27293161014e-05
120 9.20719123712e-05
121 9.43424622478e-05
122 9.18240396372e-05
123 9.46472177293e-05
124 9.52343432812e-05
125 9.53033892661e-05
126 9.41228600274e-05
127 9.53553264875e-05
128 9.68474357246e-05
129 9.38545079575e-05
130 9.46112493538e-05
131 9.71708839254e-05
132 9.69320811602e-05
133 9.71308823597e-05
134 9.47732030574e-05
135 0.000100094241616
136 9.83822237386e-05
137 9.9872730605e-05
138 0.000100893989551
139 9.81314568564e-05
140 9.8827011941e-05
141 0.000100267684387
142 9.67902267314e-05
143 9.20431135306e-05
144 9.41631535091e-05
145 9.8875874711e-05
146 9.82852128379e-05
147 9.60355119971e-05
148 9.59188396641e-05
149 8.9731227636e-05
150 8.84312908161e-05
151 9.23230107679e-05
152 8.35520587943e-05
153 8.88196193147e-05
154 8.08853053081e-05
155 8.06454017073e-05
156 7.41833818259e-05
157 9.64946517136e-05
158 7.66009909896e-05
159 8.52428414926e-05
160 8.10044001274e-05
161 7.65189970376e-05
162 8.23335974401e-05
163 8.33040662697e-05
164 8.52396541486e-05
165 8.98325225296e-05
166 9.22204595135e-05
167 8.91931041616e-05
168 8.89337984489e-05
169 9.52055130437e-05
170 9.34537661081e-05
171 9.09946927028e-05
172 8.79063121472e-05
173 9.16658914025e-05
174 8.94971871407e-05
175 9.42694439477e-05
176 9.38908847626e-05
177 9.69583607279e-05
178 9.31311412125e-05
179 0.000100811430609
180 9.67706319568e-05
181 9.50348729181e-05
182 9.13742580651e-05
183 9.75191791528e-05
184 9.81232736812e-05
185 0.000100101739438
186 9.0649710535e-05
187 9.9349751297e-05
188 9.68799096679e-05
189 9.33194306055e-05
190 9.4657403355e-05
191 9.69185058012e-05
192 0.000101707379418
193 9.47016237297e-05
194 9.53825016966e-05
195 9.59312542611e-05
196 9.14386103249e-05
197 8.9860490919e-05
198 8.95236103294e-05
199 9.41401596993e-05
200 9.7856457391e-05
201 8.84012551747e-05
202 8.81723719701e-05
203 9.20849616987e-05
204 7.75333419496e-05
205 8.50283681915e-05
206 8.37365441807e-05
207 7.71142352602e-05
208 6.79324294562e-05
209 9.70458904986e-05
210 7.49546103109e-05
211 8.1514892292e-05
212 6.91286505985e-05
213 7.8367238509e-05
214 8.13506654869e-05
215 8.16806255672e-05
216 8.26544899491e-05
217 8.24267242716e-05
218 8.8090976421e-05
219 7.99238099797e-05
220 8.73053115988e-05
221 8.04260875791e-05
222 9.05334319341e-05
223 9.6535058885e-05
224 9.28660087255e-05
225 8.86835319868e-05
226 9.19774357801e-05
227 9.26116210195e-05
228 9.3370924455e-05
229 9.28149232243e-05
230 9.10225958726e-05
231 9.52392246427e-05
232 9.42779868208e-05
233 9.65957945356e-05
234 9.32929990618e-05
235 9.71362535768e-05
236 9.6239333202e-05
237 0.000100225649555
238 9.40285705772e-05
239 9.10620719363e-05
240 9.99516095795e-05
241 9.52644920293e-05
242 9.16099158137e-05
243 9.56152866363e-05
244 9.68190985922e-05
245 9.5871068817e-05
246 9.23071074997e-05
247 9.23120617379e-05
248 9.30644126836e-05
249 9.3472726824e-05
250 8.91046912671e-05
251 9.04441291106e-05
252 8.5605948897e-05
253 9.5477896337e-05
254 8.75590228669e-05
255 8.35620921462e-05
256 7.68661666025e-05
257 8.18572054522e-05
258 6.95947316581e-05
259 7.58323277794e-05
260 7.2788500999e-05
261 9.42902402531e-05
262 8.23495449685e-05
263 8.34214703264e-05
264 8.15310026069e-05
265 8.21265140996e-05
266 8.52138805938e-05
267 8.07959994116e-05
268 7.35908714194e-05
269 8.17783710069e-05
270 8.60150547463e-05
271 8.4533656028e-05
272 8.26297993828e-05
273 8.39179065585e-05
274 8.97391679918e-05
275 8.66441434205e-05
276 8.62714688525e-05
277 8.99065521742e-05
278 8.42391930048e-05
279 9.21289203954e-05
280 8.8482732186e-05
281 9.0056366562e-05
282 9.23213344916e-05
283 9.6297906625e-05
284 8.99746208813e-05
285 9.26096060427e-05
286 9.20200617089e-05
287 9.38324003349e-05
288 9.4645687753e-05
289 9.26929420588e-05
290 9.49397649934e-05
291 9.60889967976e-05
292 9.52151430565e-05
293 9.31835387721e-05
294 8.90976924516e-05
295 9.14145228097e-05
296 9.26914535741e-05
297 9.01089173559e-05
298 8.74016776992e-05
299 8.669712236e-05
300 8.81962430986e-05
301 9.00409100339e-05
302 8.41481824345e-05
303 8.62367459315e-05
304 8.50204853745e-05
305 9.06163777941e-05
306 8.41343422793e-05
307 8.22442696541e-05
308 8.16005767689e-05
309 7.66452376146e-05
310 7.20540019643e-05
311 8.7468969603e-05
312 8.11474469381e-05
313 7.33512344138e-05
314 9.34673896002e-05
315 8.04477819744e-05
316 7.52795550689e-05
317 7.4888561259e-05
318 7.04445919886e-05
319 6.67866118564e-05
320 6.49046927374e-05
321 7.77534402648e-05
322 8.09005704325e-05
323 7.96911008355e-05
324 8.56074305398e-05
325 8.53885833539e-05
326 8.79227887197e-05
327 7.77099249903e-05
328 8.44636295879e-05
329 8.99496011602e-05
330 8.49295316287e-05
331 9.16017797166e-05
332 8.93148008399e-05
333 9.0334905966e-05
334 9.09428556402e-05
335 9.7016065782e-05
336 8.80981160536e-05
337 9.35532778748e-05
338 9.25791175477e-05
339 9.32287449162e-05
340 9.33394219401e-05
341 9.14390518415e-05
342 9.26586724164e-05
343 9.32027169554e-05
344 9.33514006948e-05
345 9.04768735218e-05
346 8.78561478235e-05
347 8.78506123887e-05
348 9.37448983976e-05
349 9.32035081512e-05
350 8.55664710855e-05
351 9.15246670169e-05
352 9.02404007534e-05
353 9.29301795505e-05
354 8.71718984275e-05
355 9.20375496787e-05
356 8.38520387437e-05
357 9.23710088642e-05
358 8.10885425785e-05
359 8.30864578812e-05
360 7.26196292471e-05
361 7.80349977045e-05
362 6.92682584336e-05
363 7.50613078452e-05
364 7.518199959e-05
365 6.8758727775e-05
366 8.7156410336e-05
367 8.20364884079e-05
368 7.48523209817e-05
369 6.81578643328e-05
370 6.88261694613e-05
371 6.98698524779e-05
372 6.95584604138e-05
373 7.13915138397e-05
374 7.70578490768e-05
375 7.55057372272e-05
376 8.14901816962e-05
377 7.09908001791e-05
378 7.92195252765e-05
379 8.44570541643e-05
380 7.62487407764e-05
381 8.56692340692e-05
382 8.51020673504e-05
383 8.19855776844e-05
384 8.48597701735e-05
385 8.51465787849e-05
386 8.66217382926e-05
387 8.8867714311e-05
388 8.84419049714e-05
389 8.87474792573e-05
390 8.32309407122e-05
391 8.51317570873e-05
392 8.76812128489e-05
393 8.93237646849e-05
394 8.85758198272e-05
395 9.19621707078e-05
396 9.30404670137e-05
397 8.72219270315e-05
398 9.14052882909e-05
399 9.16064749808e-05
400 8.75285260871e-05
401 8.77363162331e-05
402 8.13342915992e-05
403 8.97756954482e-05
404 8.77952561728e-05
405 8.00790165004e-05
406 8.70909601401e-05
407 8.56552380394e-05
408 8.10142148752e-05
409 8.58131678972e-05
410 7.71979744831e-05
411 7.73835342496e-05
412 7.46734347776e-05
413 7.38431974285e-05
414 7.10993223322e-05
415 7.1695432758e-05
416 6.2319324732e-05
417 5.76904974315e-05
418 8.5425285015e-05
419 6.66025306023e-05
420 6.27586386367e-05
421 6.66959012483e-05
422 7.02217383178e-05
423 7.17220055065e-05
424 7.39786950992e-05
425 7.00086756826e-05
426 7.18538761364e-05
427 7.44532101662e-05
428 7.98425213502e-05
429 8.06433784166e-05
430 7.81378448167e-05
431 7.68076856174e-05
432 7.50652889389e-05
433 7.70906136114e-05
434 7.83922395874e-05
435 7.93147924123e-05
436 8.02382005587e-05
437 7.93357336358e-05
438 8.11091714347e-05
439 7.92507972467e-05
440 8.01759725838e-05
441 8.07034794611e-05
442 7.81923984401e-05
443 8.37508575937e-05
444 8.15908142856e-05
445 8.02544771111e-05
446 7.92938231509e-05
447 8.03928025865e-05
448 8.34147979799e-05
449 8.11543766691e-05
450 8.43387925626e-05
451 8.14401328875e-05
452 7.72244892654e-05
453 8.00610116423e-05
454 7.89403308531e-05
455 7.86913299513e-05
456 7.9908101203e-05
457 7.31059015338e-05
458 7.44059248968e-05
459 7.45295385629e-05
460 7.75682270622e-05
461 7.80359387215e-05
462 7.61131197812e-05
463 7.70855919948e-05
464 7.34423023905e-05
465 6.63814319949e-05
466 7.10706305085e-05
467 6.40415770024e-05
468 6.91298538235e-05
469 5.58716752404e-05
470 7.05756493509e-05
471 6.15698084916e-05
472 7.1192528182e-05
473 6.97538630791e-05
474 6.35011216981e-05
475 6.72863784284e-05
476 6.06983006628e-05
477 6.64399107816e-05
478 6.48256595653e-05
479 7.19309555058e-05
480 7.60796327792e-05
481 7.51607143596e-05
482 7.56338612188e-05
483 7.45673795286e-05
484 7.28486137017e-05
485 7.62620509482e-05
486 7.24713137092e-05
487 7.66403911435e-05
488 7.63555738449e-05
489 7.41962228574e-05
490 7.50247242368e-05
491 7.59224114234e-05
492 7.44778214926e-05
493 7.40095456697e-05
494 7.44089128258e-05
495 7.43994852604e-05
496 7.68056186654e-05
497 7.44511308629e-05
498 7.42770761716e-05
499 7.41378438093e-05
500 7.45423502527e-05
501 7.44972061873e-05
502 7.5428730605e-05
503 7.61644786664e-05
504 7.57491685547e-05
505 7.55840678801e-05
506 7.36896247728e-05
507 7.29481945047e-05
508 7.48918716542e-05
509 7.12609162119e-05
510 7.50295007564e-05
511 7.33092059974e-05
512 7.15924411144e-05
513 7.084372991e-05
514 6.93182248686e-05
515 7.13572239769e-05
516 6.71328622408e-05
517 5.99727250814e-05
518 6.31659555269e-05
519 5.6863824622e-05
520 5.78013228319e-05
521 5.28105108814e-05
522 6.80343325007e-05
523 6.18192775049e-05
524 6.3570207633e-05
525 5.93317264277e-05
526 6.08067421657e-05
527 4.52380291547e-05
528 5.58890038681e-05
529 6.51358662964e-05
530 6.01858885434e-05
531 6.37661392089e-05
532 6.6411334028e-05
533 6.99867044637e-05
534 6.56209671926e-05
535 6.98514529283e-05
536 7.27148396283e-05
537 7.03723270683e-05
538 6.18378636977e-05
539 7.04807427865e-05
540 7.0821701742e-05
541 7.17506511959e-05
542 7.05117199892e-05
543 6.78569044497e-05
544 7.88262692578e-05
545 7.37105847048e-05
546 7.52630498417e-05
547 7.38624437691e-05
548 7.46977168442e-05
549 7.6485552115e-05
550 7.67368063128e-05
551 7.27580967563e-05
552 7.3843957296e-05
553 7.70833598075e-05
554 6.9352018319e-05
555 7.24043386907e-05
556 7.15284172217e-05
557 7.46887841731e-05
558 6.87017680772e-05
559 6.94317187121e-05
560 6.93720495579e-05
561 6.82097001837e-05
562 6.88928613833e-05
563 6.70125363312e-05
564 6.55252655787e-05
565 6.98336640227e-05
566 7.00806355688e-05
567 6.29596298858e-05
568 6.54502759948e-05
569 6.14795542617e-05
570 6.56500638058e-05
571 6.00851902557e-05
572 6.34692525787e-05
573 5.94033723207e-05
574 7.09012531746e-05
575 5.79888325319e-05
576 5.74314621529e-05
577 5.25152838557e-05
578 6.28567286895e-05
579 6.40108050324e-05
580 5.57648726598e-05
581 6.0371755541e-05
582 5.68981894145e-05
583 6.25353708161e-05
584 6.32836216669e-05
585 6.92726063003e-05
586 6.94804359706e-05
587 6.48762411878e-05
588 6.1562085931e-05
589 6.47246149224e-05
590 6.23919392726e-05
591 6.32160581325e-05
592 6.8236283171e-05
593 6.69055664249e-05
594 6.72371977338e-05
595 6.77004463412e-05
596 7.16319360074e-05
597 7.12672696395e-05
598 7.23638120019e-05
599 7.44935829391e-05
600 7.07704534751e-05
601 7.39153860074e-05
602 7.42830837396e-05
603 6.94504348347e-05
604 6.98174574379e-05
605 7.05844231288e-05
606 6.50750763038e-05
607 6.61811830609e-05
608 6.71951853736e-05
609 6.8599097573e-05
610 6.51441755636e-05
611 6.3385091466e-05
612 6.12725025653e-05
613 6.19368633323e-05
614 6.24919467242e-05
615 6.26902314136e-05
616 6.38168967822e-05
617 6.15244244415e-05
618 6.1251496372e-05
619 6.15972435855e-05
620 6.00349735586e-05
621 5.76545635852e-05
622 6.3119025088e-05
623 5.94510720151e-05
624 5.92851097187e-05
625 5.60088895194e-05
626 4.93245684777e-05
627 6.62800447063e-05
628 5.72686673754e-05
629 5.82240460363e-05
630 5.40307586585e-05
631 5.79376822339e-05
632 5.64163555606e-05
633 5.59393928037e-05
634 5.37748862885e-05
635 5.78628020537e-05
636 5.64476860546e-05
637 6.03199473854e-05
638 5.77758006168e-05
639 5.79576248269e-05
640 6.19291838991e-05
641 6.05032244887e-05
642 5.75915698866e-05
643 6.11920376538e-05
644 6.54363451828e-05
645 6.22121919354e-05
646 6.70074370724e-05
647 6.26297284124e-05
648 6.38336315242e-05
649 6.28120869159e-05
650 6.35347383422e-05
651 6.5920430328e-05
652 6.23510473141e-05
653 6.58792872036e-05
654 6.28329946918e-05
655 6.4799942246e-05
656 6.50465900485e-05
657 6.41326231967e-05
658 6.53211958742e-05
659 6.3475455237e-05
660 6.38642794447e-05
661 6.38895567308e-05
662 6.23508908905e-05
663 5.96108073663e-05
664 5.82164324407e-05
665 6.02591035306e-05
666 6.06908303352e-05
667 5.78665215048e-05
668 5.5494687383e-05
669 5.31426624563e-05
670 6.11786933544e-05
671 5.60070362801e-05
672 5.42314377018e-05
673 5.56049688523e-05
674 5.28516727346e-05
675 5.26600394402e-05
676 4.60867012638e-05
677 5.42790397062e-05
678 4.49075791536e-05
679 5.04490066379e-05
680 4.05790538939e-05
681 4.96894323462e-05
682 4.57372071426e-05
683 4.83660756805e-05
684 4.56022517654e-05
685 4.57767893958e-05
686 4.74557037475e-05
687 4.77988641117e-05
688 4.74943567018e-05
689 5.34002115265e-05
690 5.35739242414e-05
691 5.20730210899e-05
692 5.51861127943e-05
693 5.63027503015e-05
694 5.44366478066e-05
695 5.31836120249e-05
696 5.65271865388e-05
697 5.77010142437e-05
698 5.86767154213e-05
699 5.6553381186e-05
700 5.95306466058e-05
701 5.92513134379e-05
702 5.90680610694e-05
703 6.04885200967e-05
704 6.06392171817e-05
705 6.18816134336e-05
706 6.10795563225e-05
707 5.84584199029e-05
708 5.97206138481e-05
709 6.17443500758e-05
710 5.97192038722e-05
711 5.85715972786e-05
712 5.85822461475e-05
713 5.72756744771e-05
714 5.82527254566e-05
715 5.14012612288e-05
716 5.67378212476e-05
717 5.81735957584e-05
718 5.64903600918e-05
719 5.19948724927e-05
720 5.42591767367e-05
721 5.47638153964e-05
722 5.74234988305e-05
723 5.22251818834e-05
724 4.93338697837e-05
725 4.79123551463e-05
726 4.51856506111e-05
727 5.00843382991e-05
728 4.89312062541e-05
729 5.02380791835e-05
730 4.41068957121e-05
731 5.61210148555e-05
732 3.86780720642e-05
733 4.87883711246e-05
734 5.24126759761e-05
735 4.82140194346e-05
736 4.31235680723e-05
737 4.44933182927e-05
738 4.14915822187e-05
739 4.40735372945e-05
740 4.73670515336e-05
741 5.46754588722e-05
742 5.12960428977e-05
743 4.76148956232e-05
744 5.38163703339e-05
745 4.84203421965e-05
746 5.36677225257e-05
747 5.03186670428e-05
748 5.24692304882e-05
749 5.33711277213e-05
750 5.63639918726e-05
751 5.33112197651e-05
752 5.3024744039e-05
753 5.64273800747e-05
754 5.58801959922e-05
755 5.34709558327e-05
756 5.33086565185e-05
757 5.77322412476e-05
758 5.09773057992e-05
759 5.33941125674e-05
760 5.68866194659e-05
761 5.80615637692e-05
762 5.49886115993e-05
763 5.63880907672e-05
764 5.61865808764e-05
765 5.31255199989e-05
766 5.91854706012e-05
767 5.08205309429e-05
768 5.40279893775e-05
769 5.39055278411e-05
770 5.09805123576e-05
771 5.20000945683e-05
772 5.07879360405e-05
773 5.447141103e-05
774 5.26647422689e-05
775 5.18969543905e-05
776 4.80811849332e-05
777 4.46914759224e-05
778 4.33105838028e-05
779 5.03229848312e-05
780 4.74815543172e-05
781 4.81005986062e-05
782 4.42486723268e-05
783 5.08506976323e-05
784 4.53093982798e-05
785 4.31742728574e-05
786 4.30450026294e-05
787 4.90116432919e-05
788 4.8214708125e-05
789 4.00041294016e-05
790 4.62937147527e-05
791 4.58926292104e-05
792 4.8168946548e-05
793 4.97970980782e-05
794 5.12393300579e-05
795 4.89127759384e-05
796 5.13431744343e-05
797 4.76930023653e-05
798 4.97857093179e-05
799 5.04452445082e-05
800 4.97686938599e-05
801 5.13512981405e-05
802 5.09356055198e-05
803 5.35532840746e-05
804 5.42476999174e-05
805 5.72516388218e-05
806 5.34027548605e-05
807 5.54472793367e-05
808 5.4952173607e-05
809 5.70344342356e-05
810 5.54835911389e-05
811 5.2006153581e-05
812 5.36114266897e-05
813 5.52535760963e-05
814 5.60463331131e-05
815 5.28566454479e-05
816 5.53940651798e-05
817 5.35857333385e-05
818 5.73301728679e-05
819 5.25081986405e-05
820 5.40340168734e-05
821 5.27879069774e-05
822 4.95323508231e-05
823 5.12263560956e-05
824 5.08273078462e-05
825 5.19390982345e-05
826 5.13753754935e-05
827 5.45587549207e-05
828 4.76330298386e-05
829 4.85711077662e-05
830 4.57839010247e-05
831 4.8753143752e-05
832 4.25042568055e-05
833 4.00742383572e-05
834 4.41700366522e-05
835 5.57970530694e-05
836 4.27177702357e-05
837 4.77111114117e-05
838 5.03300662731e-05
839 4.91215890085e-05
840 4.89859104806e-05
841 4.81462325359e-05
842 4.92866468621e-05
843 4.5293500583e-05
844 4.55783638365e-05
845 4.547174872e-05
846 4.24448081438e-05
847 4.76611145996e-05
848 4.95721829317e-05
849 4.76620692761e-05
850 5.09939535043e-05
851 5.07025834499e-05
852 5.04416132568e-05
853 5.08813254023e-05
854 4.94873333207e-05
855 5.37141621155e-05
856 5.33641747401e-05
857 5.67297633457e-05
858 5.36033940584e-05
859 5.34635859465e-05
860 5.38812687685e-05
861 5.35097186959e-05
862 5.57165945721e-05
863 5.40768599524e-05
864 5.31897530293e-05
865 5.43389786208e-05
866 5.66314356647e-05
867 5.27865559338e-05
868 5.37752693137e-05
869 5.15987932484e-05
870 5.2302383878e-05
871 4.86435389536e-05
872 5.07454630413e-05
873 5.3049679789e-05
874 5.16464664918e-05
875 4.87952675578e-05
876 4.65480832462e-05
877 5.23376134313e-05
878 4.89302569482e-05
879 5.10962325112e-05
880 4.61179691678e-05
881 4.76676059672e-05
882 4.5190412024e-05
883 5.14866076371e-05
884 4.72867223793e-05
885 4.90186089491e-05
886 4.63385179095e-05
887 3.63778231923e-05
888 4.16974103689e-05
889 4.28348837196e-05
890 4.33824939893e-05
891 4.68446291227e-05
892 4.22787422573e-05
893 3.71855466607e-05
894 4.21184928932e-05
895 4.42338237594e-05
896 4.4247746646e-05
897 4.31016388683e-05
898 4.77290739537e-05
