1 275.950458575
2 238.90943253
3 243.796323579
4 234.242693552
5 240.739218603
6 240.065975109
7 238.451439457
8 241.344412567
9 262.84039222
10 253.825506541
11 243.617465811
12 267.690034969
13 267.956411116
14 264.790532279
15 266.948208395
16 261.654877943
17 262.81056701
18 283.012172308
19 263.62353939
20 269.53549681
21 247.462717738
22 273.804189957
23 264.635715825
24 275.851202762
25 272.634971978
26 283.545571423
27 273.423186849
28 278.762182104
29 283.506620847
30 284.566751396
31 284.111284505
32 280.178854276
33 269.053160678
34 271.126814867
35 284.283206801
36 277.629601624
37 266.631166336
38 256.896306669
39 263.819287739
40 276.780897312
41 262.891793846
42 271.972638629
43 259.79491398
44 285.282751681
45 259.170841816
46 261.088084449
47 246.160054102
48 256.349662461
49 258.653609576
50 249.898943834
51 235.876068011
52 191.148136093
53 262.182377393
54 255.964461322
55 238.937590885
56 259.654331877
57 234.05011039
58 238.239433287
59 247.010417631
60 249.007059607
61 238.091232239
62 238.492160333
63 265.623140503
64 243.682513588
65 251.144500535
66 270.62584957
67 270.495350131
68 264.963930962
69 252.317665861
70 271.544396261
71 263.632515735
72 275.312195614
73 279.221905839
74 311.694941517
75 275.850297346
76 283.877406232
77 276.702079278
78 282.80811789
79 294.964195997
80 287.859045542
81 291.628334737
82 279.970904203
83 298.568402825
84 277.777912316
85 276.693068741
86 267.665228665
87 280.46271263
88 282.196391512
89 270.94354
90 276.295012152
91 268.028695859
92 291.969058737
93 262.404276222
94 266.177242535
95 261.807007839
96 268.953111593
97 244.271517291
98 250.456984227
99 242.946615659
100 221.15828665
101 231.56550069
102 254.941676432
103 245.849279915
104 208.918616362
105 287.743620721
106 239.911379649
107 228.53368766
108 215.528694682
109 239.351314451
110 224.224653786
111 225.140800649
112 239.438275615
113 243.361415188
114 228.740064329
115 260.85151898
116 245.201358842
117 250.628641427
118 255.021449965
119 259.907025987
120 258.064417246
121 264.428444186
122 257.369665383
123 265.282630264
124 266.928259311
125 267.121785343
126 263.812930534
127 267.267357955
128 271.449526988
129 263.060778018
130 265.181816046
131 272.356106088
132 271.686776052
133 272.243987414
134 265.635749141
135 280.549860073
136 275.751318536
137 279.928996353
138 282.791439284
139 275.048454789
140 276.997996326
141 281.035995382
142 271.289178353
143 257.98369821
144 263.925867407
145 277.13495169
146 275.47941084
147 269.173820769
148 268.846804887
149 251.503812317
150 247.860275116
151 258.768210181
152 234.184484792
153 248.948704422
154 226.709955735
155 226.037540214
156 207.925421632
157 270.460723803
158 214.701634745
159 238.923507155
160 227.0437615
161 214.471817411
162 230.769311682
163 233.489397173
164 238.914573485
165 251.787727433
166 258.480773665
167 249.995529093
168 249.268732224
169 266.847452274
170 261.937555863
171 255.045124404
172 246.388834904
173 256.926398474
174 250.847830243
175 264.223784322
176 263.162737006
177 271.760433926
178 261.03328437
179 282.560038363
180 271.234256999
181 266.369172379
182 256.108991891
183 273.332327854
184 275.025518518
185 280.570875397
186 254.078188671
187 278.463160064
188 271.540546812
189 261.56103264
190 265.311179118
191 271.64872626
192 285.071254884
193 265.435122511
194 267.343526184
195 268.881601229
196 256.289362082
197 251.866118833
198 250.921890666
199 263.861419043
200 274.277670573
201 247.776089504
202 247.134562579
203 258.100992647
204 217.314881293
205 238.322369131
206 234.701570975
207 216.140185115
208 190.404895133
209 272.005767369
210 210.0870649
211 228.47459811
212 193.757732106
213 219.652174221
214 228.014293836
215 228.939124804
216 231.668727543
217 231.030332887
218 246.906422483
219 224.015021686
220 244.704316224
221 225.422834043
222 253.752276364
223 270.573979332
224 260.290155885
225 248.567271083
226 257.799612858
227 259.577143486
228 261.705362544
229 260.146970523
230 255.123333003
231 266.94194107
232 264.247728775
233 270.744212684
234 261.486948799
235 272.259042168
236 269.745102489
237 280.918177753
238 263.548650675
239 255.23397877
240 280.15008285
241 267.012761945
242 256.769506895
243 267.995989115
244 271.370102054
245 268.712910027
246 258.723635592
247 258.737521614
248 260.846253836
249 261.990700041
250 249.74772038
251 253.501973307
252 239.941245337
253 267.610903733
254 245.415432664
255 234.212606844
256 215.444884106
257 229.434052996
258 195.064090733
259 212.547181576
260 204.015769943
261 264.282073395
262 230.814010326
263 233.818463972
264 228.519753021
265 230.188886662
266 238.842333893
267 226.459644065
268 206.264699607
269 229.213091308
270 241.087910589
271 236.93576161
272 231.599523413
273 235.209903811
274 251.526068
275 242.851156273
276 241.806602698
277 251.995221951
278 236.110423822
279 258.224202594
280 248.004457927
281 252.415130278
282 258.763511818
283 269.909275426
284 252.186008813
285 259.571495794
286 257.919087247
287 262.99881351
288 265.278341959
289 259.805074742
290 266.102598453
291 269.323731024
292 266.874443824
293 261.180147244
294 249.7281037
295 256.221848218
296 259.800902732
297 252.562422646
298 244.974416637
299 242.999648672
300 247.201469942
301 252.371807838
302 235.855334195
303 241.709279311
304 238.300274721
305 253.98476176
306 235.816542217
307 230.518938659
308 228.714759458
309 214.825651714
310 201.957074077
311 245.16302623
312 227.444701275
313 205.593031314
314 261.975740565
315 225.483640334
316 210.997838636
317 209.901938843
318 197.446127831
319 187.193332089
320 181.918581644
321 217.931785428
322 226.752741698
323 223.362771199
324 239.94539817
325 239.332000772
326 246.435016383
327 217.80981833
328 236.739487502
329 252.115882109
330 238.045344365
331 256.746702577
332 250.336627497
333 253.195836436
334 254.899832523
335 271.922172949
336 246.926433853
337 262.216473129
338 259.486040898
339 261.306853608
340 261.617065495
341 256.29059959
342 259.70902183
343 261.233900952
344 261.650640233
345 253.593751214
346 246.248231471
347 246.232716438
348 262.75355808
349 261.236118561
350 239.830594671
351 256.530566696
352 252.930951826
353 260.47001754
354 244.330378164
355 257.968103528
356 235.025285736
357 258.902741988
358 227.27960077
359 232.879471947
360 203.542446547
361 218.720950709
362 194.149032924
363 210.386122846
364 210.724404565
365 192.720891278
366 244.286967256
367 229.936557509
368 209.800362523
369 191.036756887
370 192.90992069
371 195.835215088
372 194.962427617
373 200.100214505
374 215.982142698
375 211.631794914
376 228.40533784
377 198.977071359
378 222.041012275
379 236.721057529
380 213.714327719
381 240.118624634
382 238.528937345
383 229.793862024
384 237.849812972
385 238.653696537
386 242.7883579
387 249.083507826
388 247.890025077
389 248.746506147
390 233.284436682
391 238.612153436
392 245.757913728
393 250.361751874
394 248.265369287
395 257.756827041
396 260.779137544
397 244.470601194
398 256.195965181
399 256.759862732
400 245.329954547
401 245.912360642
402 227.968400168
403 251.628449242
404 246.077560873
405 224.450043391
406 244.103519707
407 240.079395762
408 227.071270836
409 240.522050592
410 216.374894194
411 216.894991711
412 209.298970048
413 206.971933364
414 199.281243451
415 200.952055816
416 174.672164463
417 161.698222801
418 239.434870285
419 186.677378631
420 175.903498579
421 186.939083213
422 196.821500828
423 201.026535434
424 207.351713978
425 196.224316699
426 201.396149971
427 208.681711923
428 223.78718127
429 226.031869219
430 219.009216472
431 215.280970259
432 210.397281283
433 216.073977008
434 219.722248672
435 222.308032447
436 224.896213566
437 222.366727705
438 227.337420507
439 222.12866314
440 224.721797442
441 226.200323861
442 219.162122485
443 234.741689427
444 228.687396612
445 224.941834417
446 222.249258603
447 225.329540964
448 233.799762338
449 227.464124321
450 236.389587154
451 228.265058179
452 216.449211341
453 224.399578346
454 221.258470191
455 220.560556235
456 223.970992229
457 204.905398299
458 208.549178068
459 208.895649515
460 217.41265928
461 218.723588245
462 213.334201444
463 216.059902134
464 205.848281843
465 186.05767082
466 199.200824368
467 179.499391541
468 193.761104574
469 156.600324031
470 197.813462895
471 172.571377515
472 199.542486133
473 195.510113373
474 177.984572531
475 188.594106395
476 170.128665572
477 186.221578505
478 181.697062953
479 201.612192432
480 213.240342161
481 210.664745105
482 211.990908159
483 209.001712336
484 204.184257261
485 213.751634229
486 203.126739282
487 214.812067748
488 214.013765548
489 207.961413209
490 210.283584218
491 212.799673161
492 208.750693955
493 207.43818372
494 208.557552806
495 208.531128687
496 215.275176888
497 208.675883933
498 208.188033498
499 207.797785077
500 208.931558851
501 208.805026485
502 211.415956353
503 213.478153062
504 212.314098149
505 211.851344544
506 206.541491149
507 204.463368026
508 209.911217408
509 199.734168011
510 210.29697212
511 205.475231667
512 200.663384952
513 198.564854405
514 194.289081703
515 200.004104918
516 188.163822452
517 168.094980871
518 177.045149634
519 159.381177012
520 162.008850566
521 148.020317642
522 190.690514809
523 173.270603521
524 178.178210537
525 166.298353216
526 170.432611613
527 126.795733145
528 156.648893699
529 182.566528105
530 168.692447603
531 178.727378754
532 186.141481947
533 196.162734511
534 183.926196617
535 195.783643779
536 203.809307644
537 197.243579583
538 173.322697964
539 197.547453353
540 198.503112597
541 201.106825209
542 197.634278027
543 190.193209329
544 220.938771834
545 206.600238844
546 210.951576842
547 207.025878107
548 209.367029212
549 214.378076071
550 215.082305694
551 203.930551194
552 206.974063164
553 216.053645632
554 194.383799917
555 202.939017873
556 200.483935127
557 209.341992211
558 192.561241382
559 194.607188733
560 194.439944618
561 191.182045372
562 193.09684862
563 187.826566117
564 183.657958665
565 195.733784018
566 196.42600998
567 176.466848337
568 183.447773574
569 172.318407802
570 184.007750267
571 168.410204688
572 177.895247942
573 166.499166419
574 198.726083898
575 162.534413468
576 160.97218392
577 147.192838464
578 176.178430984
579 179.413142105
580 156.300971655
581 169.213406245
582 159.477496616
583 175.277710773
584 177.374951015
585 194.161219373
586 194.743736249
587 181.838836015
588 172.549732281
589 181.413849254
590 174.875692647
591 177.18558008
592 191.256553688
593 187.526744751
594 188.456259934
595 189.754679602
596 200.774083495
597 199.751975761
598 202.825427354
599 208.794871038
600 198.359471026
601 207.174267638
602 208.204871853
603 194.659647351
604 195.688359276
605 197.838054541
606 182.39614244
607 185.496401665
608 188.33850529
609 192.273470626
610 182.589817794
611 177.659356366
612 171.738071476
613 173.600179797
614 175.155999247
615 175.711762905
616 178.869644981
617 172.444172506
618 171.679194117
619 172.648274164
620 168.26945446
621 161.597505363
622 176.913610318
623 166.632861848
624 166.16769324
625 156.984916053
626 138.249719076
627 185.773496734
628 160.515893415
629 163.193683319
630 151.44049784
631 162.39104649
632 158.126985157
633 156.790126687
634 150.72332414
635 162.181168042
636 158.214800056
637 169.068195386
638 161.937315443
639 162.446942729
640 173.578655443
641 169.581894924
642 161.420943025
643 171.512539824
644 183.408727498
645 174.371886539
646 187.812273623
647 175.542181636
648 178.916550072
649 176.05330647
650 178.078795182
651 184.765549005
652 174.761078329
653 184.650230705
654 176.111907979
655 181.624980981
656 182.316299536
657 179.754581017
658 183.085980436
659 177.912633107
660 179.002451815
661 179.073300437
662 174.760639896
663 167.080577218
664 163.172343498
665 168.897658753
666 170.107727311
667 162.191593132
668 155.543680922
669 148.951291056
670 171.475137659
671 156.979721688
672 152.00297253
673 155.852784126
674 148.135688436
675 147.598567688
676 129.174439828
677 152.136394148
678 125.869528999
679 141.401358605
680 113.737291057
681 139.272380376
682 128.194857734
683 135.563200693
684 127.816597091
685 128.305801135
686 133.011558218
687 133.973387696
688 133.119896927
689 149.673164307
690 150.160056231
691 145.953239112
692 154.678790432
693 157.808565845
694 152.578147138
695 149.066066847
696 158.437628556
697 161.727699923
698 164.462450938
699 158.51104841
700 166.855898058
701 166.072967093
702 165.559336883
703 169.540680614
704 169.963063015
705 173.445322224
706 171.197270721
707 163.850599785
708 167.3883491
709 173.060592641
710 167.384397139
711 164.167819801
712 164.197667059
713 160.53553332
714 163.274067637
715 144.070392187
716 159.028007554
717 163.052278397
718 158.334409286
719 145.734199758
720 152.080721082
721 153.495151154
722 160.949863865
723 146.379724079
724 138.275789308
725 134.291486853
726 126.64892357
727 140.379245347
728 137.147180958
729 140.810159083
730 123.625327696
731 157.299187352
732 108.409110557
733 136.746834495
734 146.905243236
735 135.137008758
736 120.869200797
737 124.708414986
738 116.29497759
739 123.531828817
740 132.763078727
741 153.247500439
742 143.775480236
743 133.457750304
744 150.839597993
745 135.715301985
746 150.422959422
747 141.03603534
748 147.063757454
749 149.591646556
750 157.98021722
751 149.423733113
752 148.620782578
753 158.157885295
754 156.624206481
755 149.871450491
756 149.416548699
757 161.815224754
758 142.882105683
759 149.656069796
760 159.445067703
761 162.738268736
762 154.125222797
763 158.047762979
764 157.482959542
765 148.903243197
766 165.888419028
767 142.442688157
768 151.432735941
769 151.089493749
770 142.891093208
771 145.74883649
772 142.351329302
773 152.675583487
774 147.611749045
775 145.459749306
776 134.764692627
777 125.263822514
778 121.393379173
779 141.048137484
780 133.084013672
781 134.819106379
782 124.022707293
783 142.527241078
784 126.995770607
785 121.011319066
786 120.648993084
787 137.372634484
788 135.138939059
789 112.125859837
790 129.754669064
791 128.630483587
792 135.010675896
793 139.574152042
794 143.616522248
795 137.095523416
796 143.9075832
797 133.676672344
798 139.542230974
799 141.390813893
800 139.494539076
801 143.930352788
802 142.765225757
803 150.102204792
804 152.048553197
805 160.468164812
806 149.680292909
807 155.410802941
808 154.02309231
809 159.859371386
810 155.512579735
811 145.765819037
812 150.265170236
813 154.86788043
814 157.089865097
815 148.149626241
816 155.261651261
817 150.193155443
818 160.688284524
819 147.172979618
820 151.449630151
821 147.956962128
822 138.832103307
823 143.580158085
824 142.461682849
825 145.57787248
826 143.997838169
827 152.920395935
828 133.508577919
829 136.137876339
830 128.325734015
831 136.648097202
832 119.133359789
833 112.322365224
834 123.802302731
835 156.391168746
836 119.731807432
837 133.727429414
838 141.067985754
839 137.680796621
840 137.30050909
841 134.947011765
842 138.143430205
843 126.951211634
844 127.749642639
845 127.450815698
846 118.966733683
847 133.587295492
848 138.943747017
849 133.589971314
850 142.928766822
851 142.112098184
852 141.380636014
853 142.613086342
854 138.705925679
855 150.553122958
856 149.572158343
857 159.005422406
858 150.242655918
859 149.850793753
860 151.021499034
861 149.980097259
862 156.165655072
863 151.569713181
864 149.083279205
865 152.304394363
866 158.729823963
867 147.953175346
868 150.724397705
869 144.624046219
870 146.596110241
871 136.34089061
872 142.232283553
873 148.690673923
874 144.75766751
875 136.766164212
876 130.467627613
877 146.694853646
878 137.144520189
879 143.215440267
880 129.262079296
881 133.605489868
882 126.66226913
883 144.309605977
884 132.537927583
885 137.392158226
886 129.880245912
887 101.961841576
888 116.871884491
889 120.060059797
890 121.594933153
891 131.298803341
892 118.501274727
893 104.225775069
894 118.052118652
895 123.98108888
896 124.020112742
897 120.807736371
898 133.777775853
