1 4.62609715138e-05
2 4.65588827092e-05
3 4.83257831318e-05
4 4.44917624542e-05
5 5.0015040778e-05
6 4.4868414911e-05
7 4.60143038651e-05
8 4.78313293732e-05
9 4.7808978173e-05
10 5.00901036608e-05
11 5.27335947894e-05
12 5.24498274229e-05
13 5.49915057137e-05
14 5.39901769502e-05
15 5.50665997653e-05
16 5.44490903098e-05
17 5.3721936962e-05
18 5.82947996267e-05
19 5.79406112958e-05
20 5.72785981152e-05
21 5.65301036625e-05
22 6.16345625107e-05
23 5.70161659164e-05
24 6.15758111354e-05
25 5.90878705228e-05
26 6.19013334451e-05
27 6.13557237822e-05
28 6.00190495726e-05
29 5.81774435809e-05
30 6.01683890932e-05
31 6.12566518806e-05
32 6.02342823923e-05
33 5.82921441356e-05
34 5.85025171971e-05
35 5.97618870562e-05
36 5.45303250412e-05
37 5.15892111771e-05
38 5.73266999413e-05
39 5.84617006306e-05
40 5.52552976215e-05
41 5.15922490415e-05
42 5.49823948886e-05
43 5.56698219903e-05
44 5.67586177445e-05
45 5.14953771008e-05
46 4.74176068497e-05
47 4.76663506035e-05
48 4.78952678659e-05
49 4.84390151881e-05
50 4.94924156354e-05
51 4.93929416117e-05
52 4.34086894179e-05
